Double = 2290.221044466959
Double = 82447.95760081052