Double = 17819.32177734375
Double = 18110578.649414062