Double = 9852.03456165759
Double = 735618.5806037668